0 0.205455 0.234973 0.178182 0.218579
0 0.038182 0.215847 0.069091 0.256831
0 0.518182 0.846995 0.192727 0.240437
0 0.896364 0.827869 0.170909 0.322404
0 0.176364 0.500000 0.170909 0.267760
0 0.832727 0.289617 0.109091 0.153005
0 0.614545 0.308743 0.152727 0.213115
0 0.500000 0.390710 0.134545 0.191257
0 0.949091 0.352459 0.101818 0.311475
1 0.034545 0.598361 0.061818 0.234973
1 0.340000 0.631148 0.134545 0.224044
1 0.752727 0.560109 0.116364 0.213115
1 0.487273 0.612022 0.123636 0.185792
1 0.629091 0.612022 0.080000 0.153005
1 0.865455 0.502732 0.094545 0.196721
1 0.287273 0.407104 0.094545 0.202186
